TYPE;STATE;COUNTY;TRACT;BLOCK;SHEETS
Census Block;51;117;9301.02;1037;2
Census Block;51;117;9301.02;1038;2
Census Block;51;117;9301.02;1043;2
Census Block;51;117;9301.02;1045;2
Census Block;51;117;9301.02;1046;2
Census Block;51;117;9301.02;1047;2
Census Block;51;117;9301.02;1048;2
Census Block;51;117;9301.02;1049;2
Census Block;51;117;9301.02;1050;2
Census Block;51;117;9301.02;1051;2
Census Block;51;117;9301.02;1052;2
Census Block;51;117;9301.02;1053;2
Census Block;51;117;9301.02;1054;2,3
Census Block;51;117;9301.02;1063;2
Census Block;51;117;9301.02;1064;2
Census Block;51;117;9301.02;1065;2,3
Census Block;51;117;9301.02;1066;2
Census Block;51;117;9301.02;2038;1
Census Block;51;117;9301.02;2043;1
Census Block;51;117;9301.02;2044;1
Census Block;51;117;9301.02;2048;1
Census Block;51;117;9301.02;2065;1
Census Block;51;117;9301.02;2066;2
Census Block;51;117;9301.02;2067;2
Census Block;51;117;9301.02;2068;2
Census Block;51;117;9301.02;2069;1,2
Census Block;51;117;9301.02;2070;1,2
Census Block;51;117;9301.02;2071;1
Census Block;51;117;9301.02;2072;2
Census Block;51;117;9301.02;2073;2
Census Block;51;117;9301.02;2074;2
Census Block;51;117;9301.02;2075;2
Census Block;51;117;9301.02;2076;2
Census Block;51;117;9301.02;2077;2
Census Block;51;117;9301.02;2078;1,2
Census Block;51;117;9301.02;2079;1,2
Census Block;51;117;9301.02;2080;2
Census Block;51;117;9301.02;2081;2
Census Block;51;117;9301.02;2082;2
Census Block;51;117;9301.02;2083;2
Census Block;51;117;9301.02;2084;2
Census Block;51;117;9301.02;2085;2
Census Block;51;117;9301.02;2088;2
Census Block;51;117;9301.02;2089;2
Census Block;51;117;9301.02;2090;2
Census Block;51;117;9301.02;2091;2
Census Block;51;117;9301.02;2092;A1
Census Block;51;117;9301.02;2093;2
Census Block;51;117;9301.02;2094;A1
Census Block;51;117;9301.02;2095;A1
Census Block;51;117;9301.02;2096;A1
Census Block;51;117;9301.02;2097;2
Census Block;51;117;9301.02;2098;2
Census Block;51;117;9301.02;2099;A1
Census Block;51;117;9301.02;2100;A1
Census Block;51;117;9301.02;2101;A1
Census Block;51;117;9301.02;2102;2
Census Block;51;117;9301.02;2103;A1
Census Block;51;117;9301.02;2104;A1
Census Block;51;117;9301.02;2105;A1
Census Block;51;117;9301.02;2106;A1
Census Block;51;117;9301.02;2107;2
Census Block;51;117;9301.02;2108;A1
Census Block;51;117;9301.02;2109;A1
Census Block;51;117;9301.02;2110;2
Census Block;51;117;9301.02;2111;2
Census Block;51;117;9301.02;2112;A1
Census Block;51;117;9301.02;2113;2
Census Block;51;117;9301.02;2114;A1
Census Block;51;117;9301.02;2115;A1
Census Block;51;117;9301.02;3000;1,2
Census Block;51;117;9301.02;3001;1
Census Block;51;117;9301.02;3002;1
Census Block;51;117;9301.02;3003;1
Census Block;51;117;9301.02;3004;1
Census Block;51;117;9301.02;3005;1
Census Block;51;117;9301.02;3006;1
Census Block;51;117;9301.02;3007;1
Census Block;51;117;9301.02;3008;1
Census Block;51;117;9301.02;3009;1
Census Block;51;117;9301.02;3010;1
Census Block;51;117;9301.02;3011;1
Census Block;51;117;9301.02;3012;1
Census Block;51;117;9301.02;3013;1
Census Block;51;117;9301.02;3014;1
Census Block;51;117;9301.02;3015;1
Census Block;51;117;9301.02;3016;1
Census Block;51;117;9301.02;3017;1
Census Block;51;117;9301.02;3018;1
Census Block;51;117;9301.02;3019;1
Census Block;51;117;9301.02;3020;1
Census Block;51;117;9301.02;3021;1
Census Block;51;117;9301.02;3022;1,2
Census Block;51;117;9301.02;3023;1
Census Block;51;117;9301.02;3024;1
Census Block;51;117;9301.02;3025;1
Census Block;51;117;9301.02;3026;1
Census Block;51;117;9301.02;3027;1
Census Block;51;117;9301.02;3028;1
Census Block;51;117;9301.02;3029;1,2
Census Block;51;117;9301.02;3030;1
Census Block;51;117;9301.02;3031;1
Census Block;51;117;9301.02;3032;1
Census Block;51;117;9301.02;3033;1
Census Block;51;117;9301.02;3034;1
Census Block;51;117;9301.02;3035;1
Census Block;51;117;9301.02;3036;1
Census Block;51;117;9301.02;3037;1
Census Block;51;117;9301.02;3038;1
Census Block;51;117;9301.02;3039;1
Census Block;51;117;9301.02;3040;1
Census Block;51;117;9301.02;3041;1
Census Block;51;117;9301.02;3042;1
Census Block;51;117;9301.02;3043;1
Census Block;51;117;9301.02;3044;1
Census Block;51;117;9301.02;3045;1
Census Block;51;117;9301.02;3046;1
Census Block;51;117;9301.02;3047;1
Census Block;51;117;9301.02;3048;1
Census Block;51;117;9301.02;3049;1
Census Block;51;117;9301.02;3050;1
Census Block;51;117;9301.02;3051;1
Census Block;51;117;9301.02;3052;1
Census Block;51;117;9301.02;3053;1
Census Block;51;117;9301.02;3054;1
Census Block;51;117;9301.02;3055;1
Census Block;51;117;9301.02;3056;1
Census Block;51;117;9301.02;3057;1
Census Block;51;117;9301.02;3058;1
Census Block;51;117;9301.02;3059;1
Census Block;51;117;9301.02;3060;1
Census Block;51;117;9301.02;3061;1
Census Block;51;117;9301.02;3062;1
Census Block;51;117;9301.02;3063;1
Census Block;51;117;9301.02;3064;1
Census Block;51;117;9301.02;3065;1,2
Census Block;51;117;9301.02;3066;1,2,3
Census Block;51;117;9301.02;3067;2
Census Block;51;117;9301.02;3068;1,2
Census Block;51;117;9301.02;3069;2
Census Block;51;117;9301.02;3070;1,2
Census Block;51;117;9301.02;3071;2
Census Block;51;117;9301.02;3072;2
Census Block;51;117;9301.02;3073;2
Census Block;51;117;9301.02;3074;2
Census Block;51;117;9301.02;3075;2
Census Block;51;117;9301.02;3076;2,3
Census Block;51;117;9301.02;3077;1,2
Census Block;51;117;9301.02;3078;2
Census Block;51;117;9301.02;3079;1
Census Block;51;117;9301.02;3080;1
Census Block;51;117;9301.02;3081;1
Census Block;51;117;9301.02;3082;1
Census Block;51;117;9301.02;3083;1
Census Block;51;117;9301.02;3084;1
Census Block;51;117;9301.02;3085;1
Census Block;51;117;9301.02;3086;1
Census Block;51;117;9301.02;3087;1
Census Block;51;117;9301.02;3088;1
Census Block;51;117;9301.02;3089;2,3
Census Block;51;117;9301.02;3090;2
Census Block;51;117;9301.02;3091;2
Census Block;51;117;9301.02;3092;2
Census Block;51;117;9301.02;3093;2
Census Block;51;117;9301.02;3094;2
Census Block;51;117;9301.02;3095;2
Census Block;51;117;9301.02;3096;2
Census Block;51;117;9301.02;3097;2
Census Block;51;117;9301.02;3098;2
Census Block;51;117;9301.02;3099;2
Census Block;51;117;9301.02;3100;2
Census Block;51;117;9301.02;3101;2
Census Block;51;117;9301.02;3102;2,3
Census Block;51;117;9301.02;3103;2
Census Block;51;117;9301.02;3104;2
Census Block;51;117;9301.02;3105;1
Census Block;51;117;9301.02;3106;1
Census Block;51;117;9301.02;3107;2
Census Block;51;117;9301.02;3108;2
Census Block;51;117;9301.02;3109;2
Census Block;51;117;9301.02;3110;1
