TYPE;STATE;COUNTY;TRACT;BLOCK;SHEETS
Census Block;51;059;4211.03;1000;1
Census Block;51;059;4211.03;1001;1
Census Block;51;059;4211.03;1002;1
Census Block;51;059;4211.03;1003;1
Census Block;51;059;4211.03;1004;1
Census Block;51;059;4211.03;1005;1
Census Block;51;059;4211.03;1006;1
Census Block;51;059;4211.03;1007;1
Census Block;51;059;4211.03;1008;1
Census Block;51;059;4211.03;2000;1
Census Block;51;059;4211.03;2001;1
Census Block;51;059;4211.03;2002;1
Census Block;51;059;4211.03;2003;1
Census Block;51;059;4211.03;2004;1
Census Block;51;059;4211.03;2005;1
Census Block;51;059;4211.03;2006;1
Census Block;51;059;4211.03;2007;1
Census Block;51;059;4211.03;2008;1
Census Block;51;059;4211.03;2009;1
Census Block;51;059;4211.03;2010;1
Census Block;51;059;4211.03;2011;1
Census Block;51;059;4211.03;2012;1
Census Block;51;059;4211.03;2013;1
Census Block;51;059;4211.03;2014;1
Census Block;51;059;4211.03;2015;1
Census Block;51;059;4211.03;2016;1
Census Block;51;059;4211.03;2017;1
Census Block;51;059;4211.03;2018;1
Census Block;51;059;4211.03;2019;1
Census Block;51;059;4211.03;2020;1
Census Block;51;059;4211.03;2021;1
Census Block;51;059;4211.03;2022;1
Census Block;51;059;4220.00;1000;1
Census Block;51;059;4220.00;1001;1
Census Block;51;059;4220.00;1002;1
Census Block;51;059;4220.00;1003;1
Census Block;51;059;4220.00;1004;1
Census Block;51;059;4220.00;1005;1
Census Block;51;059;4220.00;1006;1
Census Block;51;059;4220.00;1007;1
Census Block;51;059;4220.00;1008;1
Census Block;51;059;4220.00;1009;1
Census Block;51;059;4220.00;1010;1
Census Block;51;059;4220.00;1011;1
Census Block;51;059;4220.00;1012;1
Census Block;51;059;4220.00;1013;1
Census Block;51;059;4220.00;1014;1
Census Block;51;059;4220.00;1015;1
Census Block;51;059;4220.00;1016;1
Census Block;51;059;4220.00;1017;1
Census Block;51;059;4220.00;1018;1
Census Block;51;059;4220.00;1019;1
Census Block;51;059;4220.00;1020;1
Census Block;51;059;4220.00;1021;1
Census Block;51;059;4220.00;1022;1
Census Block;51;059;4220.00;1023;1
Census Block;51;059;4220.00;1024;1
Census Block;51;059;4220.00;1025;1
Census Block;51;059;4220.00;1034;1
Census Block;51;059;4220.00;1052;1
Census Block;51;059;4327.01;1000;1
Census Block;51;059;4327.01;1001;1
Census Block;51;059;4327.01;1002;1
Census Block;51;059;4327.01;1003;1
Census Block;51;059;4327.01;1004;1
Census Block;51;059;4327.01;1005;1
Census Block;51;059;4327.01;1006;1
Census Block;51;059;4327.01;1007;1
Census Block;51;059;4327.01;1008;1
Census Block;51;059;4327.01;1009;1
Census Block;51;059;4327.01;1010;1
Census Block;51;059;4327.01;1011;1
Census Block;51;059;4327.01;1012;1
Census Block;51;059;4327.01;1013;1
Census Block;51;059;4327.01;1014;1
Census Block;51;059;4327.01;1015;1
Census Block;51;059;4327.01;1016;1
Census Block;51;059;4327.01;1017;1
Census Block;51;059;4327.01;1018;1
Census Block;51;059;4327.01;1019;1
Census Block;51;059;4327.01;1020;1
Census Block;51;059;4327.01;1021;1
Census Block;51;059;4327.01;1022;1
Census Block;51;059;4327.01;1023;1
Census Block;51;059;4327.01;1024;1
Census Block;51;059;4327.01;1025;1
Census Block;51;059;4327.02;1000;1
Census Block;51;059;4327.02;1001;1
Census Block;51;059;4327.02;1002;1
Census Block;51;059;4327.02;1003;1
Census Block;51;059;4327.02;1004;1
Census Block;51;059;4327.02;1005;1
Census Block;51;059;4327.02;1006;1
Census Block;51;059;4327.02;1007;1
Census Block;51;059;4327.02;1008;1
Census Block;51;059;4327.02;1009;1
Census Block;51;059;4327.02;1010;1
Census Block;51;059;4327.02;1011;1
Census Block;51;059;4327.02;1012;1
Census Block;51;059;4327.02;1013;1
Census Block;51;059;4327.02;2000;1
Census Block;51;059;4327.02;2001;1
Census Block;51;059;4327.02;2002;1
Census Block;51;059;4327.02;2003;1
Census Block;51;059;4327.02;2004;1
Census Block;51;059;4327.02;2005;1
Census Block;51;059;4327.02;2006;1
Census Block;51;059;4327.02;2007;1
Census Block;51;059;4327.02;2008;1
Census Block;51;059;4327.02;2009;1
Census Block;51;059;4327.02;2010;1
Census Block;51;059;4327.02;2011;1
Census Block;51;059;4327.02;2012;1
Census Block;51;059;4327.02;2013;1
Census Block;51;059;4327.02;2014;1
Census Block;51;059;4328.00;1000;1
Census Block;51;059;4328.00;1001;1
Census Block;51;059;4328.00;1002;1
Census Block;51;059;4328.00;1003;1
Census Block;51;059;4328.00;1004;1
Census Block;51;059;4328.00;1005;1
Census Block;51;059;4328.00;1006;1
Census Block;51;059;4328.00;1007;1
Census Block;51;059;4328.00;1008;1
Census Block;51;059;4328.00;1009;1
Census Block;51;059;4328.00;1010;1
Census Block;51;059;4328.00;1011;1
Census Block;51;059;4328.00;1012;1
Census Block;51;059;4328.00;1013;1
Census Block;51;059;4328.00;1014;1
Census Block;51;059;4328.00;1015;1
Census Block;51;059;4328.00;1016;1
Census Block;51;059;4328.00;1017;1
Census Block;51;059;4328.00;1018;1
Census Block;51;059;4328.00;1019;1
Census Block;51;059;4328.00;1020;1
Census Block;51;059;4328.00;1021;1
Census Block;51;059;4328.00;1022;1
Census Block;51;059;4328.00;1023;1
Census Block;51;059;4328.00;1024;1
Census Block;51;059;4328.00;1025;1
Census Block;51;059;4328.00;1026;1
Census Block;51;059;4328.00;1027;1
Census Block;51;059;4328.00;1028;1
Census Block;51;059;4328.00;1029;1
Census Block;51;059;4328.00;1030;1
Census Block;51;059;4328.00;1031;1
Census Block;51;059;4328.00;1032;1
Census Block;51;059;4328.00;1033;1
Census Block;51;059;4328.00;1034;1
Census Block;51;059;4328.00;1035;1
Census Block;51;059;4328.00;1036;1
Census Block;51;059;4328.00;1037;1
Census Block;51;059;4328.00;1038;1
Census Block;51;059;4328.00;1039;1
Census Block;51;059;4328.00;1040;1
Census Block;51;059;4328.00;1041;1
Census Block;51;059;4328.00;1042;1
Census Block;51;059;4328.00;1043;1
Census Block;51;059;4328.00;1044;1
Census Block;51;059;4328.00;1045;1
Census Block;51;059;4328.00;1046;1
Census Block;51;059;4328.00;1047;1
Census Block;51;059;4328.00;1048;1
Census Block;51;059;4328.00;1049;1
Census Block;51;059;4328.00;1050;1
Census Block;51;059;4328.00;1051;1
Census Block;51;059;4328.00;1052;1
Census Block;51;059;4328.00;1053;1
Census Block;51;059;4328.00;1054;1
