TYPE;STATE;COUNTY;TRACT;BLOCK;SHEETS
Census Block;51;119;9512.00;1125;1
Census Block;51;119;9512.00;2003;1
Census Block;51;119;9512.00;2004;1
Census Block;51;119;9512.00;2005;1
Census Block;51;119;9512.00;2006;1
Census Block;51;119;9512.00;2007;1
Census Block;51;119;9512.00;2008;1
Census Block;51;119;9512.00;2009;1
Census Block;51;119;9512.00;2010;1
Census Block;51;119;9512.00;2011;1
Census Block;51;119;9512.00;2012;1
Census Block;51;119;9512.00;2013;1
Census Block;51;119;9512.00;2014;1
Census Block;51;119;9512.00;2015;1
Census Block;51;119;9512.00;2016;1
Census Block;51;119;9512.00;2017;1
Census Block;51;119;9512.00;2018;1
Census Block;51;119;9512.00;2019;1
Census Block;51;119;9512.00;2020;1
Census Block;51;119;9512.00;2021;1
Census Block;51;119;9512.00;2022;1
Census Block;51;119;9512.00;2023;1
Census Block;51;119;9512.00;2024;1
Census Block;51;119;9512.00;2025;1
Census Block;51;119;9512.00;2026;1
Census Block;51;119;9512.00;2027;1
Census Block;51;119;9512.00;2028;1
Census Block;51;119;9512.00;2029;1
Census Block;51;119;9512.00;2030;1
Census Block;51;119;9512.00;2031;1
Census Block;51;119;9512.00;2032;1
Census Block;51;119;9512.00;2033;1
Census Block;51;119;9512.00;2034;1
Census Block;51;119;9512.00;2035;1
Census Block;51;119;9512.00;2036;1
Census Block;51;119;9512.00;2037;1
Census Block;51;119;9512.00;2038;1
Census Block;51;119;9512.00;2039;1
Census Block;51;119;9512.00;2040;1
Census Block;51;119;9512.00;2041;1
Census Block;51;119;9512.00;2042;1
Census Block;51;119;9512.00;2043;1
Census Block;51;119;9512.00;2044;1
Census Block;51;119;9512.00;2045;1
Census Block;51;119;9512.00;2046;1
Census Block;51;119;9512.00;2047;1
Census Block;51;119;9512.00;2048;1
Census Block;51;119;9512.00;2049;1
Census Block;51;119;9512.00;2050;1
Census Block;51;119;9512.00;2051;1
Census Block;51;119;9512.00;2052;1
Census Block;51;119;9512.00;2053;1
Census Block;51;119;9512.00;2054;1
Census Block;51;119;9512.00;2055;1
Census Block;51;119;9512.00;2056;1
Census Block;51;119;9512.00;2057;1
Census Block;51;119;9512.00;2058;1
Census Block;51;119;9512.00;2059;1
Census Block;51;119;9512.00;2060;1
Census Block;51;119;9512.00;2061;1
Census Block;51;119;9512.00;2062;1
Census Block;51;119;9512.00;2063;1
Census Block;51;119;9512.00;2064;1
Census Block;51;119;9512.00;2065;1
Census Block;51;119;9512.00;2066;1
Census Block;51;119;9512.00;2067;1
Census Block;51;119;9512.00;2068;1
Census Block;51;119;9512.00;2069;1
Census Block;51;119;9512.00;2070;1
Census Block;51;119;9512.00;2071;1
Census Block;51;119;9512.00;2072;1
Census Block;51;119;9512.00;2073;1
Census Block;51;119;9512.00;2074;1
Census Block;51;119;9512.00;2075;1
Census Block;51;119;9512.00;2076;1
Census Block;51;119;9512.00;2077;1
Census Block;51;119;9512.00;2078;1
Census Block;51;119;9512.00;2079;1
Census Block;51;119;9512.00;2080;1
Census Block;51;119;9512.00;2081;1
Census Block;51;119;9512.00;2082;1
Census Block;51;119;9512.00;2083;1
Census Block;51;119;9512.00;2084;1
Census Block;51;119;9512.00;2085;1
Census Block;51;119;9512.00;2086;1
Census Block;51;119;9512.00;2087;1
Census Block;51;119;9512.00;2088;1
Census Block;51;119;9512.00;2089;1
Census Block;51;119;9512.00;2090;1
Census Block;51;119;9512.00;2091;1
Census Block;51;119;9512.00;2092;1
Census Block;51;119;9512.00;2093;1
Census Block;51;119;9512.00;2094;1
Census Block;51;119;9512.00;2095;1
Census Block;51;119;9512.00;2096;1
Census Block;51;119;9512.00;2097;1
Census Block;51;119;9512.00;2098;1
Census Block;51;119;9512.00;2099;1
Census Block;51;119;9512.00;2101;1
Census Block;51;119;9512.00;2102;1
Census Block;51;119;9512.00;2103;1
Census Block;51;119;9512.00;2104;1
Census Block;51;119;9512.00;2105;1
Census Block;51;119;9512.00;2106;1
Census Block;51;119;9512.00;2107;1
Census Block;51;119;9512.00;2108;1
Census Block;51;119;9512.00;2109;1
Census Block;51;119;9512.00;2110;1
Census Block;51;119;9512.00;2111;1
Census Block;51;119;9512.00;2112;1
Census Block;51;119;9512.00;2113;1
Census Block;51;119;9512.00;2114;1
Census Block;51;119;9512.00;2115;1
Census Block;51;119;9512.00;2116;1
Census Block;51;119;9512.00;2117;1
Census Block;51;119;9512.00;2118;1
Census Block;51;119;9512.00;2119;1
Census Block;51;119;9512.00;2120;1
Census Block;51;119;9512.00;2121;1
Census Block;51;119;9512.00;2122;1
Census Block;51;119;9512.00;2123;1
Census Block;51;119;9512.00;2124;1
Census Block;51;119;9512.00;2125;1
Census Block;51;119;9512.00;2126;1
Census Block;51;119;9512.00;2127;1
Census Block;51;119;9512.00;2128;1
Census Block;51;119;9512.00;2129;1
Census Block;51;119;9512.00;2130;1
Census Block;51;119;9512.00;2131;1
Census Block;51;119;9512.00;2134;1
Census Block;51;119;9512.00;2135;1
Census Block;51;119;9512.00;2136;1
Census Block;51;119;9512.00;2137;1
Census Block;51;119;9512.00;2138;1
Census Block;51;119;9512.00;2139;1
Census Block;51;119;9512.00;2140;1
Census Block;51;119;9512.00;2141;1
Census Block;51;119;9512.00;2142;1
Census Block;51;119;9512.00;2143;1
Census Block;51;119;9512.00;2144;1
Census Block;51;119;9512.00;2145;1
Census Block;51;119;9512.00;2146;1
Census Block;51;119;9512.00;2147;1
Census Block;51;119;9512.00;2148;1
Census Block;51;119;9512.00;2149;1
Census Block;51;119;9512.00;2150;1
Census Block;51;119;9512.00;2151;1
Census Block;51;119;9512.00;2156;1
Census Block;51;119;9512.00;2157;1
Census Block;51;119;9512.00;2158;1
Census Block;51;119;9512.00;2159;1
Census Block;51;119;9512.00;2160;1
Census Block;51;119;9512.00;2161;1
Census Block;51;119;9512.00;2162;1
Census Block;51;119;9512.00;2163;1
Census Block;51;119;9512.00;2164;1
Census Block;51;119;9512.00;2165;1
Census Block;51;119;9512.00;2166;1
Census Block;51;119;9512.00;2167;1
Census Block;51;119;9512.00;2168;1
Census Block;51;119;9512.00;2169;1
Census Block;51;119;9512.00;2170;1
Census Block;51;119;9512.00;2171;1
