TYPE;STATE;COUNTY;TRACT;BLOCK;SHEETS
Census Block;51;059;4604.00;2000;1
Census Block;51;059;4604.00;2001;1
Census Block;51;059;4604.00;2002;1
Census Block;51;059;4604.00;2003;1
Census Block;51;059;4604.00;2004;1
Census Block;51;059;4604.00;2005;1
Census Block;51;059;4604.00;2007;1
Census Block;51;059;4604.00;2008;1
Census Block;51;059;4604.00;2009;1
Census Block;51;059;4604.00;2010;1
Census Block;51;059;4604.00;2011;1
Census Block;51;059;4604.00;2012;1
Census Block;51;059;4604.00;2013;1
Census Block;51;059;4604.00;2014;1
Census Block;51;059;4604.00;2015;1
Census Block;51;059;4604.00;2016;1
Census Block;51;059;4604.00;3000;1
Census Block;51;059;4604.00;3001;1
Census Block;51;059;4604.00;3002;1
Census Block;51;059;4604.00;3003;1
Census Block;51;059;4604.00;3004;1
Census Block;51;059;4604.00;3005;1
Census Block;51;059;4604.00;3006;1
Census Block;51;059;4604.00;3007;1
Census Block;51;059;4604.00;3008;1
Census Block;51;059;4604.00;3009;1
Census Block;51;059;4604.00;3010;1
Census Block;51;059;4604.00;3011;1
Census Block;51;059;4604.00;3012;1
Census Block;51;059;4604.00;3013;1
Census Block;51;059;4604.00;3014;1
Census Block;51;059;4604.00;3015;1
Census Block;51;059;4605.01;1000;1
Census Block;51;059;4605.01;1001;1
Census Block;51;059;4605.01;1002;1
Census Block;51;059;4605.01;1003;1
Census Block;51;059;4605.01;1004;1
Census Block;51;059;4605.01;1005;1
Census Block;51;059;4605.01;1006;1
Census Block;51;059;4605.01;1007;1
Census Block;51;059;4605.01;1008;1
Census Block;51;059;4605.01;1009;1
Census Block;51;059;4605.01;1010;1
Census Block;51;059;4605.01;1011;1
Census Block;51;059;4605.01;1012;1
Census Block;51;059;4605.01;1013;1
Census Block;51;059;4605.01;1014;1
Census Block;51;059;4605.01;1015;1
Census Block;51;059;4605.01;1016;1
Census Block;51;059;4605.01;1017;1
Census Block;51;059;4605.01;1018;1
Census Block;51;059;4605.01;1019;1
Census Block;51;059;4605.01;1020;1
Census Block;51;059;4605.01;1021;1
Census Block;51;059;4605.01;1022;1
Census Block;51;059;4605.02;1000;1
Census Block;51;059;4605.02;1001;1
Census Block;51;059;4605.02;1002;1
Census Block;51;059;4605.02;1003;1
Census Block;51;059;4605.02;1004;1
Census Block;51;059;4605.02;1005;1
Census Block;51;059;4605.02;1006;1
Census Block;51;059;4605.02;1007;1
Census Block;51;059;4605.02;1008;1
Census Block;51;059;4605.02;1009;1
Census Block;51;059;4605.02;1014;1
Census Block;51;059;4605.02;1033;1
Census Block;51;059;4605.02;3000;1
Census Block;51;059;4605.02;3001;1
Census Block;51;059;4605.02;3002;1
Census Block;51;059;4605.02;3003;1
Census Block;51;059;4605.02;3004;1
Census Block;51;059;4605.02;3005;1
Census Block;51;059;4605.02;3006;1
Census Block;51;059;4605.02;3007;1
Census Block;51;059;4605.02;3008;1
Census Block;51;059;4712.01;1000;1
Census Block;51;059;4712.01;1001;1
Census Block;51;059;4712.01;1002;1
Census Block;51;059;4712.01;1003;1
Census Block;51;059;4712.01;1004;1
Census Block;51;059;4712.01;1005;1
Census Block;51;059;4712.01;1006;1
Census Block;51;059;4712.01;1007;1
Census Block;51;059;4712.01;1008;1
Census Block;51;059;4712.01;1009;1
Census Block;51;059;4712.01;1010;1
Census Block;51;059;4712.01;2000;1
Census Block;51;059;4712.01;2001;1
Census Block;51;059;4712.01;2002;1
Census Block;51;059;4712.01;2003;1
Census Block;51;059;4712.01;2004;1
Census Block;51;059;4712.01;2005;1
Census Block;51;059;4712.01;2006;1
Census Block;51;059;4712.01;2007;1
Census Block;51;059;4712.01;3000;1
Census Block;51;059;4712.01;3001;1
Census Block;51;059;4712.01;3002;1
Census Block;51;059;4712.01;3003;1
Census Block;51;059;4712.01;3004;1
Census Block;51;059;4712.01;3005;1
Census Block;51;059;4712.02;1015;1
Census Block;51;059;4712.02;1016;1
Census Block;51;059;4712.02;1017;1
Census Block;51;059;4712.02;1018;1
Census Block;51;059;4712.02;1019;1
Census Block;51;059;4712.02;1020;1
Census Block;51;059;4712.02;1021;1
Census Block;51;059;4712.02;1022;1
Census Block;51;059;4712.02;1023;1
Census Block;51;059;4712.02;1024;1
Census Block;51;059;4712.02;1025;1
Census Block;51;059;4712.02;1026;1
Census Block;51;059;4712.02;1027;1
Census Block;51;059;4712.02;1028;1
Census Block;51;059;4712.02;1029;1
Census Block;51;059;4712.02;2000;1
Census Block;51;059;4712.02;2001;1
Census Block;51;059;4712.02;2002;1
Census Block;51;059;4712.02;2003;1
Census Block;51;059;4712.02;2004;1
Census Block;51;059;4712.02;2005;1
Census Block;51;059;4712.02;2006;1
Census Block;51;059;4712.02;2007;1
Census Block;51;059;4712.02;2008;1
Census Block;51;059;4712.02;2009;1
Census Block;51;059;4712.02;2010;1
Census Block;51;059;4712.02;2011;1
Census Block;51;059;4712.02;2012;1
Census Block;51;059;4712.02;2013;1
Census Block;51;059;4712.02;2014;1
Census Block;51;059;4712.02;2015;1
Census Block;51;059;4712.02;2016;1
Census Block;51;059;4712.02;2017;1
Census Block;51;059;4712.02;2018;1
Census Block;51;059;4712.02;2019;1
Census Block;51;059;4712.02;2020;1
Census Block;51;059;4712.02;2021;1
Census Block;51;059;4712.02;2022;1
Census Block;51;059;4712.02;3000;1
Census Block;51;059;4712.02;3001;1
Census Block;51;059;4712.02;3002;1
Census Block;51;059;4712.02;3003;1
Census Block;51;059;4802.02;1000;1
Census Block;51;059;4802.02;1001;1
Census Block;51;059;4802.02;1002;1
Census Block;51;059;4802.02;1003;1
Census Block;51;059;4802.02;1004;1
Census Block;51;059;4802.02;1005;1
Census Block;51;059;4802.02;1006;1
Census Block;51;059;4802.02;1007;1
Census Block;51;059;4802.02;1008;1
Census Block;51;059;4802.02;1009;1
Census Block;51;059;4802.02;1010;1
Census Block;51;059;4802.02;1011;1
Census Block;51;059;4802.02;1012;1
Census Block;51;059;4802.02;1013;1
Census Block;51;059;4802.02;1014;1
Census Block;51;059;4802.02;1015;1
Census Block;51;059;4802.02;1016;1
Census Block;51;059;4802.02;1017;1
Census Block;51;059;4802.02;1018;1
Census Block;51;059;4802.02;1019;1
Census Block;51;059;4802.02;1020;1
Census Block;51;059;4802.02;1021;1
Census Block;51;059;4802.02;1022;1
Census Block;51;059;4802.02;1023;1
Census Block;51;059;4802.02;1024;1
Census Block;51;059;4802.02;1025;1
Census Block;51;059;4802.02;1026;1
Census Block;51;059;4802.02;1027;1
Census Block;51;059;4802.02;2000;1
Census Block;51;059;4802.02;2001;1
Census Block;51;059;4802.02;2002;1
Census Block;51;059;4802.02;2003;1
Census Block;51;059;4802.02;2004;1
Census Block;51;059;4802.02;2005;1
Census Block;51;059;4802.02;2006;1
Census Block;51;059;4802.02;2007;1
Census Block;51;059;4802.02;2008;1
Census Block;51;059;4802.02;2009;1
Census Block;51;059;4802.02;2010;1
Census Block;51;059;4802.02;2011;1
Census Block;51;059;4802.02;2012;1
Census Block;51;059;4802.02;2013;1
Census Block;51;059;4802.02;2014;1
Census Block;51;059;4802.02;2015;1
Census Block;51;059;4802.02;2016;1
Census Block;51;059;4802.02;2017;1
Census Block;51;059;4802.02;2018;1
Census Block;51;059;4802.02;2019;1
Census Block;51;059;4802.02;2020;1
Census Block;51;059;4802.02;2021;1
Census Block;51;059;4802.02;2022;1
Census Block;51;059;4802.02;2023;1
Census Block;51;059;4802.02;2024;1
Census Block;51;059;4802.02;2025;1
Census Block;51;059;4802.02;2026;1
Census Block;51;059;4802.02;2027;1
Census Block;51;059;4802.02;2028;1
Census Block;51;059;4802.02;2029;1
Census Block;51;059;4802.02;2030;1
Census Block;51;059;4802.02;2031;1
Census Block;51;059;4802.02;2032;1
Census Block;51;059;4802.02;2033;1
Census Block;51;059;4802.02;2034;1
Census Block;51;059;4802.02;2035;1
Census Block;51;059;4802.02;2036;1
Census Block;51;059;4802.02;2037;1
Census Block;51;059;4802.02;2038;1
Census Block;51;059;4802.02;2039;1
Census Block;51;059;4802.02;2040;1
Census Block;51;059;4802.02;2041;1
Census Block;51;059;4802.02;2042;1
Census Block;51;059;4802.02;2043;1
Census Block;51;059;4802.02;2044;1
Census Block;51;059;4802.02;2045;1
Census Block;51;059;4802.02;2046;1
Census Block;51;059;4802.02;2047;1
Census Block;51;059;4802.02;2048;1
Census Block;51;059;4802.02;2049;1
Census Block;51;059;4802.02;2050;1
Census Block;51;059;4802.02;2051;1
Census Block;51;059;4802.02;2052;1
Census Block;51;059;4802.02;2053;1
Census Block;51;059;4802.02;2054;1
Census Block;51;059;4802.02;2055;1
Census Block;51;059;4802.02;2056;1
Census Block;51;059;4802.03;1000;1
Census Block;51;059;4802.03;1001;1
Census Block;51;059;4802.03;1002;1
Census Block;51;059;4802.03;1003;1
Census Block;51;059;4802.03;1004;1
Census Block;51;059;4803.00;3044;1
Census Block;51;059;4803.00;3045;1
Census Block;51;059;4803.00;3050;1
Census Block;51;059;4803.00;3051;1
Census Block;51;059;4803.00;3052;1
Census Block;51;059;4803.00;3053;1
Census Block;51;059;4803.00;3054;1
Census Block;51;059;4803.00;3055;1
Census Block;51;059;4803.00;3056;1
Census Block;51;059;4803.00;3057;1
Census Block;51;059;4803.00;3058;1
Census Block;51;059;4803.00;3059;1
Census Block;51;059;4803.00;3060;1
Census Block;51;059;4803.00;3062;1
Census Block;51;059;4803.00;3063;1
Census Block;51;059;4803.00;3064;1
