TYPE;STATE;COUNTY;TRACT;BLOCK;SHEETS
Census Block;51;041;1002.08;1000;1
Census Block;51;041;1002.08;1001;1
Census Block;51;041;1002.08;1002;1
Census Block;51;041;1002.08;1003;1
Census Block;51;041;1002.08;1004;1
Census Block;51;041;1002.08;1005;1
Census Block;51;041;1002.08;1006;1
Census Block;51;041;1002.08;1007;1
Census Block;51;041;1002.08;1008;1
Census Block;51;041;1002.08;1009;1
Census Block;51;041;1002.08;1010;1
Census Block;51;041;1002.08;1011;1
Census Block;51;041;1002.08;1012;1
Census Block;51;041;1002.08;1013;1
Census Block;51;041;1002.08;1014;1
Census Block;51;041;1002.08;1015;1
Census Block;51;041;1002.08;1016;1
Census Block;51;041;1002.08;1017;1
Census Block;51;041;1002.08;1018;1
Census Block;51;041;1002.08;1019;1
Census Block;51;041;1002.08;1020;1
Census Block;51;041;1002.08;1021;1
Census Block;51;041;1002.08;1022;1
Census Block;51;041;1002.08;1023;1
Census Block;51;041;1002.08;1024;1
Census Block;51;041;1002.08;1025;1
Census Block;51;041;1002.08;1026;1
Census Block;51;041;1002.08;1027;1
Census Block;51;041;1002.08;1028;1
Census Block;51;041;1002.08;1029;1
Census Block;51;041;1002.08;2000;1
Census Block;51;041;1002.08;2001;1
Census Block;51;041;1002.08;2002;1
Census Block;51;041;1002.08;2003;1
Census Block;51;041;1002.08;2004;1
Census Block;51;041;1002.08;2005;1
Census Block;51;041;1002.08;2006;1
Census Block;51;041;1002.08;2007;1
Census Block;51;041;1002.08;2008;1
Census Block;51;041;1002.08;2009;1
Census Block;51;041;1002.08;2010;1
Census Block;51;041;1002.08;2011;1
Census Block;51;041;1002.08;2012;1
Census Block;51;041;1002.08;2013;1
Census Block;51;041;1002.08;2014;1
Census Block;51;041;1002.08;2015;1
Census Block;51;041;1002.08;2016;1
Census Block;51;041;1002.08;2017;1
Census Block;51;041;1002.08;2018;1
Census Block;51;041;1002.08;2019;1
Census Block;51;041;1002.08;2020;1
Census Block;51;041;1002.08;2021;1
Census Block;51;041;1002.08;2022;1
Census Block;51;041;1002.08;2023;1
Census Block;51;041;1002.08;2024;1
Census Block;51;041;1002.08;2025;1
Census Block;51;041;1002.08;2026;1
Census Block;51;041;1002.08;2027;1
Census Block;51;041;1002.08;2028;1
Census Block;51;041;1002.08;2029;1
Census Block;51;041;1002.09;4000;1
Census Block;51;041;1002.09;4001;1
Census Block;51;041;1002.09;4002;1
Census Block;51;041;1002.09;4003;1
Census Block;51;041;1002.09;4004;1
Census Block;51;041;1002.09;4005;1
Census Block;51;041;1002.09;4006;1
Census Block;51;041;1002.09;4007;1
Census Block;51;041;1002.09;4008;1
Census Block;51;041;1002.09;4009;1
Census Block;51;041;1008.12;3000;1
Census Block;51;041;1008.12;3001;1
Census Block;51;041;1008.12;3002;1
Census Block;51;041;1008.12;3003;1
Census Block;51;041;1008.12;3004;1
Census Block;51;041;1008.12;3005;1
Census Block;51;041;1008.12;3006;1
Census Block;51;041;1008.12;3007;1
Census Block;51;041;1008.12;3008;1
Census Block;51;041;1008.12;3009;1
Census Block;51;041;1008.12;3010;1
Census Block;51;041;1008.12;3011;1
Census Block;51;041;1008.12;3012;1
Census Block;51;041;1008.12;3014;1
Census Block;51;041;1008.12;3015;1
Census Block;51;041;1008.12;3016;1
Census Block;51;041;1008.12;3017;1
Census Block;51;041;1008.12;3018;1
Census Block;51;041;1008.12;3019;1
Census Block;51;041;1008.12;3027;1
Census Block;51;041;1008.12;3028;1
Census Block;51;041;1008.12;3029;1
Census Block;51;041;1008.12;3048;1
Census Block;51;041;1008.12;3068;1
Census Block;51;041;1008.12;3070;1
Census Block;51;041;1009.10;3000;1
Census Block;51;041;1009.10;3001;1
Census Block;51;041;1009.10;3002;1
Census Block;51;041;1009.10;3003;1
Census Block;51;041;1009.10;3004;1
Census Block;51;041;1009.10;3005;1
Census Block;51;041;1009.10;3006;1
Census Block;51;041;1009.10;3007;1
Census Block;51;041;1009.10;3008;1
Census Block;51;041;1009.10;3009;1
Census Block;51;041;1009.10;3010;1
Census Block;51;041;1009.10;3011;1
Census Block;51;041;1009.10;3012;1
Census Block;51;041;1009.10;3013;1
Census Block;51;041;1009.10;3014;1
Census Block;51;041;1009.10;3015;1
Census Block;51;041;1009.10;3016;1
Census Block;51;041;1009.10;3017;1
Census Block;51;041;1009.10;3018;1
Census Block;51;041;1009.10;3019;1
Census Block;51;041;1009.10;3020;1
Census Block;51;041;1009.10;3021;1
Census Block;51;041;1009.10;3022;1
Census Block;51;041;1009.19;2000;1
Census Block;51;041;1009.19;2001;1
Census Block;51;041;1009.19;2002;1
Census Block;51;041;1009.19;2003;1
Census Block;51;041;1009.19;2004;1
Census Block;51;041;1009.19;2005;1
Census Block;51;041;1009.19;2006;1
Census Block;51;041;1009.19;2007;1
Census Block;51;041;1009.19;2008;1
Census Block;51;041;1009.19;2009;1
Census Block;51;041;1009.19;2010;1
Census Block;51;041;1009.19;2011;1
Census Block;51;041;1009.19;2012;1
Census Block;51;041;1009.19;2013;1
Census Block;51;041;1009.19;2014;1
Census Block;51;041;1009.19;2015;1
Census Block;51;041;1009.19;2016;1
Census Block;51;041;1009.19;2017;1
Census Block;51;041;1009.19;2018;1
Census Block;51;041;1009.19;2019;1
Census Block;51;041;1009.19;2020;1
Census Block;51;041;1009.19;2021;1
Census Block;51;041;1009.19;2022;1
Census Block;51;041;1009.19;2023;1
Census Block;51;041;1009.19;2024;1
Census Block;51;041;1009.19;2025;1
Census Block;51;041;1009.19;2026;1
Census Block;51;041;1009.19;2027;1
Census Block;51;041;1009.19;2028;1
Census Block;51;041;1009.23;2000;1
Census Block;51;041;1009.23;2001;1
Census Block;51;041;1009.23;2002;1
Census Block;51;041;1009.23;2003;1
Census Block;51;041;1009.23;2004;1
Census Block;51;041;1009.23;2005;1
Census Block;51;041;1009.23;2006;1
Census Block;51;041;1009.23;2007;1
