TYPE;STATE;COUNTY;TRACT;BLOCK;SHEETS
Census Block;51;678;9305.00;1000;1
Census Block;51;678;9305.00;1001;1
Census Block;51;678;9305.00;1002;1
Census Block;51;678;9305.00;1003;1
Census Block;51;678;9305.00;1004;1
Census Block;51;678;9305.00;1005;1
Census Block;51;678;9305.00;1006;1
Census Block;51;678;9305.00;1007;1
Census Block;51;678;9305.00;1008;1
Census Block;51;678;9305.00;1009;1
Census Block;51;678;9305.00;1010;1
Census Block;51;678;9305.00;1011;1
Census Block;51;678;9305.00;1012;1
Census Block;51;678;9305.00;1013;1
Census Block;51;678;9305.00;1014;1
Census Block;51;678;9305.00;1015;1
Census Block;51;678;9305.00;1016;1
Census Block;51;678;9305.00;1017;1
Census Block;51;678;9305.00;1018;1
Census Block;51;678;9305.00;1019;1
Census Block;51;678;9305.00;1020;1
Census Block;51;678;9305.00;1021;1
Census Block;51;678;9305.00;1022;1
Census Block;51;678;9305.00;1023;1
Census Block;51;678;9305.00;1024;1
Census Block;51;678;9305.00;1025;1
Census Block;51;678;9305.00;1026;1
Census Block;51;678;9305.00;1027;1
Census Block;51;678;9305.00;1028;1
Census Block;51;678;9305.00;1029;1
Census Block;51;678;9305.00;1030;1
Census Block;51;678;9305.00;1031;1
Census Block;51;678;9305.00;1032;1
Census Block;51;678;9305.00;1033;1
Census Block;51;678;9305.00;1034;1
Census Block;51;678;9305.00;1035;1
Census Block;51;678;9305.00;2000;1
Census Block;51;678;9305.00;2001;1
Census Block;51;678;9305.00;2002;1
Census Block;51;678;9305.00;2003;1
Census Block;51;678;9305.00;2004;1
Census Block;51;678;9305.00;2005;1
Census Block;51;678;9305.00;2006;1
Census Block;51;678;9305.00;2007;1
Census Block;51;678;9305.00;2008;1
Census Block;51;678;9305.00;2009;1
Census Block;51;678;9305.00;2010;1
Census Block;51;678;9305.00;2011;1
Census Block;51;678;9305.00;2012;1
Census Block;51;678;9305.00;2013;1
Census Block;51;678;9305.00;2014;1
Census Block;51;678;9305.00;2015;1
Census Block;51;678;9305.00;2016;1
Census Block;51;678;9305.00;2017;1
Census Block;51;678;9305.00;2018;1
Census Block;51;678;9305.00;2019;1
Census Block;51;678;9305.00;2020;1
Census Block;51;678;9305.00;2021;1
Census Block;51;678;9305.00;2022;1
Census Block;51;678;9305.00;2023;1
Census Block;51;678;9305.00;2024;1
Census Block;51;678;9305.00;2025;1
Census Block;51;678;9305.00;2026;1
Census Block;51;678;9305.00;2027;1
Census Block;51;678;9305.00;2028;1
Census Block;51;678;9305.00;2029;1
Census Block;51;678;9305.00;2030;1
Census Block;51;678;9305.00;2031;1
Census Block;51;678;9305.00;2032;1
Census Block;51;678;9305.00;2033;1
Census Block;51;678;9305.00;2034;1
Census Block;51;678;9305.00;2035;1
Census Block;51;678;9305.00;2036;1
Census Block;51;678;9305.00;2037;1
Census Block;51;678;9305.00;2038;1
Census Block;51;678;9305.00;2039;1
Census Block;51;678;9305.00;2040;1
Census Block;51;678;9305.00;3000;1
Census Block;51;678;9305.00;3001;1
Census Block;51;678;9305.00;3002;1
Census Block;51;678;9305.00;3003;1
Census Block;51;678;9305.00;3004;1
Census Block;51;678;9305.00;3005;1
Census Block;51;678;9305.00;3006;1
Census Block;51;678;9305.00;3007;1
Census Block;51;678;9305.00;3008;1
Census Block;51;678;9305.00;3009;1
Census Block;51;678;9305.00;3010;1
Census Block;51;678;9305.00;3011;1
Census Block;51;678;9305.00;3012;1
Census Block;51;678;9305.00;3013;1
Census Block;51;678;9305.00;3014;1
Census Block;51;678;9305.00;3015;1
Census Block;51;678;9305.00;3016;1
Census Block;51;678;9305.00;3017;1
Census Block;51;678;9305.00;3018;1
Census Block;51;678;9305.00;3019;1
Census Block;51;678;9305.00;3020;1
Census Block;51;678;9305.00;3021;1
Census Block;51;678;9305.00;3022;1
Census Block;51;678;9305.00;3023;1
Census Block;51;678;9305.00;3024;1
Census Block;51;678;9305.00;3025;1
Census Block;51;678;9305.00;3026;1
Census Block;51;678;9305.00;3027;1
Census Block;51;678;9305.00;3028;1
Census Block;51;678;9305.00;3029;1
Census Block;51;678;9305.00;3030;1
Census Block;51;678;9305.00;3031;1
Census Block;51;678;9305.00;3032;1
Census Block;51;678;9305.00;3033;1
Census Block;51;678;9305.00;3034;1
Census Block;51;678;9305.00;3035;1
Census Block;51;678;9305.00;3036;1
Census Block;51;678;9305.00;3037;1
Census Block;51;678;9305.00;3038;1
Census Block;51;678;9305.00;4000;1
Census Block;51;678;9305.00;4001;1
Census Block;51;678;9305.00;4002;1
Census Block;51;678;9305.00;4003;1
Census Block;51;678;9305.00;4004;1
Census Block;51;678;9305.00;4005;1
Census Block;51;678;9305.00;4006;1
Census Block;51;678;9305.00;4007;1
Census Block;51;678;9305.00;4008;1
Census Block;51;678;9305.00;4009;1
Census Block;51;678;9305.00;4010;1
Census Block;51;678;9305.00;4011;1
Census Block;51;678;9305.00;4012;1
Census Block;51;678;9305.00;4013;1
Census Block;51;678;9305.00;4014;1
Census Block;51;678;9305.00;4015;1
Census Block;51;678;9305.00;4016;1
Census Block;51;678;9305.00;4017;1
Census Block;51;678;9305.00;4018;1
Census Block;51;678;9305.00;4019;1
Census Block;51;678;9305.00;4020;1
Census Block;51;678;9305.00;4021;1
Census Block;51;678;9305.00;4022;1
Census Block;51;678;9305.00;4023;1
Census Block;51;678;9305.00;4024;1
Census Block;51;678;9305.00;4025;1
Census Block;51;678;9305.00;4026;1
Census Block;51;678;9305.00;4027;1
Census Block;51;678;9305.00;4028;1
Census Block;51;678;9305.00;4029;1
Census Block;51;678;9305.00;4030;1
Census Block;51;678;9305.00;4031;1
Census Block;51;678;9305.00;4032;1
Census Block;51;678;9305.00;4033;1
Census Block;51;678;9305.00;5000;1
Census Block;51;678;9305.00;5001;1
Census Block;51;678;9305.00;5002;1
Census Block;51;678;9305.00;5003;1
Census Block;51;678;9305.00;5004;1
Census Block;51;678;9305.00;5005;1
Census Block;51;678;9305.00;5006;1
Census Block;51;678;9305.00;5007;1
Census Block;51;678;9305.00;5008;1
Census Block;51;678;9305.00;5009;1
Census Block;51;678;9305.00;5010;1
Census Block;51;678;9305.00;5011;1
Census Block;51;678;9305.00;5012;1
Census Block;51;678;9305.00;5013;1
Census Block;51;678;9305.00;5014;1
Census Block;51;678;9305.00;5015;1
Census Block;51;678;9305.00;5016;1
Census Block;51;678;9305.00;5017;1
Census Block;51;678;9305.00;5018;1
Census Block;51;678;9305.00;5019;1
Census Block;51;678;9305.00;5020;1
Census Block;51;678;9305.00;5021;1
Census Block;51;678;9305.00;5022;1
Census Block;51;678;9305.00;5023;1
Census Block;51;678;9305.00;5024;1
Census Block;51;678;9305.00;5025;1
Census Block;51;678;9305.00;5026;1
Census Block;51;678;9305.00;5027;1
Census Block;51;678;9305.00;5028;1
Census Block;51;678;9305.00;6000;1
Census Block;51;678;9305.00;6001;1
Census Block;51;678;9305.00;6002;1
Census Block;51;678;9305.00;6003;1
Census Block;51;678;9305.00;6004;1
Census Block;51;678;9305.00;6005;1
Census Block;51;678;9305.00;6006;1
Census Block;51;678;9305.00;6007;1
Census Block;51;678;9305.00;6008;1
Census Block;51;678;9305.00;6009;1
Census Block;51;678;9305.00;6010;1
Census Block;51;678;9305.00;6011;1
Census Block;51;678;9305.00;6012;1
Census Block;51;678;9305.00;6013;1
Census Block;51;678;9305.00;6014;1
Census Block;51;678;9305.00;6015;1
Census Block;51;678;9305.00;6016;1
Census Block;51;678;9305.00;6017;1
Census Block;51;678;9305.00;6018;1
Census Block;51;678;9305.00;6019;1
Census Block;51;678;9305.00;6020;1
Census Block;51;678;9305.00;6021;1
Census Block;51;678;9305.00;6022;1
Census Block;51;678;9305.00;6023;1
Census Block;51;678;9305.00;6024;1
Census Block;51;678;9305.00;6025;1
Census Block;51;678;9305.00;6026;1
Census Block;51;678;9305.00;6027;1
Census Block;51;678;9305.00;6028;1
Census Block;51;678;9305.00;6029;1
Census Block;51;678;9305.00;6030;1
Census Block;51;678;9305.00;6031;1
Census Block;51;678;9305.00;6032;1
Census Block;51;678;9305.00;6033;1
Census Block;51;678;9305.00;6034;1
Census Block;51;678;9305.00;6035;1
Census Block;51;678;9305.00;6036;1
Census Block;51;678;9305.00;6037;1
Census Block;51;678;9305.00;6038;1
Census Block;51;678;9305.00;6039;1
