TYPE;STATE;COUNTY;TRACT;BLOCK;SHEETS
Census Block;51;087;2005.02;1000;1
Census Block;51;087;2005.02;1001;1
Census Block;51;087;2005.02;1002;1
Census Block;51;087;2005.02;1003;1
Census Block;51;087;2005.02;1004;1
Census Block;51;087;2005.02;1005;1
Census Block;51;087;2005.02;1006;1
Census Block;51;087;2005.02;1007;1
Census Block;51;087;2005.02;1008;1
Census Block;51;087;2005.02;1009;1
Census Block;51;087;2005.02;1010;1
Census Block;51;087;2005.02;1011;1
Census Block;51;087;2005.02;1012;1
Census Block;51;087;2005.02;1013;1
Census Block;51;087;2005.02;1014;1
Census Block;51;087;2005.02;1015;1
Census Block;51;087;2005.02;1016;1
Census Block;51;087;2005.02;1017;1
Census Block;51;087;2005.02;1018;1
Census Block;51;087;2005.02;1019;1
Census Block;51;087;2005.02;1020;1
Census Block;51;087;2005.02;1021;1
Census Block;51;087;2005.02;1022;1
Census Block;51;087;2005.02;1023;1
Census Block;51;087;2005.02;1024;1
Census Block;51;087;2005.02;1025;1
Census Block;51;087;2005.02;1026;1
Census Block;51;087;2005.02;1027;1
Census Block;51;087;2005.02;1028;1
Census Block;51;087;2005.02;1029;1
Census Block;51;087;2005.02;1030;1
Census Block;51;087;2005.02;1031;1
Census Block;51;087;2005.02;1032;1
Census Block;51;087;2005.02;1033;1
Census Block;51;087;2005.02;2000;1
Census Block;51;087;2005.02;2001;1
Census Block;51;087;2005.02;2002;1
Census Block;51;087;2005.02;2003;1
Census Block;51;087;2005.02;2004;1
Census Block;51;087;2005.02;2005;1
Census Block;51;087;2005.02;2006;1
Census Block;51;087;2005.02;2007;1
Census Block;51;087;2005.02;2008;1
Census Block;51;087;2005.02;2009;1
Census Block;51;087;2005.02;2010;1
Census Block;51;087;2005.02;2019;1
Census Block;51;087;2005.02;2020;1
Census Block;51;087;2005.02;2021;1
Census Block;51;087;2005.02;2022;1
Census Block;51;087;2005.02;2023;1
Census Block;51;087;2005.02;2024;1
Census Block;51;087;2005.02;2025;1
Census Block;51;087;2005.02;2026;1
Census Block;51;087;2005.02;2028;1
Census Block;51;087;2005.02;2029;1
Census Block;51;087;2005.02;2030;1
Census Block;51;087;2005.02;2098;1
Census Block;51;087;2005.03;1052;1
Census Block;51;087;2005.03;1053;1
Census Block;51;087;2005.03;1054;1
Census Block;51;087;2005.03;1055;1
Census Block;51;087;2005.03;1056;1
Census Block;51;087;2005.03;1057;1
Census Block;51;087;2005.03;1058;1
Census Block;51;087;2005.03;1059;1
Census Block;51;087;2005.03;1060;1
Census Block;51;087;2005.03;1061;1
Census Block;51;087;2005.03;2000;1
Census Block;51;087;2005.03;2001;1
Census Block;51;087;2005.03;2002;1
Census Block;51;087;2005.03;2003;1
Census Block;51;087;2005.03;2004;1
Census Block;51;087;2005.03;2005;1
Census Block;51;087;2005.03;2006;1
Census Block;51;087;2005.03;2008;1
Census Block;51;087;2005.03;2009;1
Census Block;51;087;2005.03;2011;1
Census Block;51;087;2005.03;2012;1
Census Block;51;087;2005.03;2013;1
Census Block;51;087;2005.03;2014;1
Census Block;51;087;2005.03;2015;1
Census Block;51;087;2005.03;2016;1
Census Block;51;087;2005.03;2017;1
Census Block;51;087;2005.03;2022;1
Census Block;51;087;2005.03;2023;1
Census Block;51;087;2005.03;2024;1
Census Block;51;087;2005.03;2025;1
Census Block;51;087;2005.03;2026;1
Census Block;51;087;2005.03;2027;1
Census Block;51;087;2005.03;2028;1
Census Block;51;087;2005.03;2029;1
Census Block;51;087;2006.00;1000;1
Census Block;51;087;2006.00;1001;1
Census Block;51;087;2006.00;1002;1
Census Block;51;087;2006.00;1003;1
Census Block;51;087;2006.00;1004;1
Census Block;51;087;2006.00;1005;1
Census Block;51;087;2006.00;1006;1
Census Block;51;087;2006.00;1007;1
Census Block;51;087;2006.00;1008;1
Census Block;51;087;2006.00;1009;1
Census Block;51;087;2006.00;1010;1
Census Block;51;087;2006.00;1011;1
Census Block;51;087;2006.00;1012;1
Census Block;51;087;2006.00;1013;1
Census Block;51;087;2006.00;1014;1
Census Block;51;087;2006.00;2000;1
Census Block;51;087;2006.00;2001;1
Census Block;51;087;2006.00;2002;1
Census Block;51;087;2006.00;2003;1
Census Block;51;087;2006.00;2004;1
Census Block;51;087;2006.00;2005;1
Census Block;51;087;2006.00;2006;1
Census Block;51;087;2006.00;2007;1
Census Block;51;087;2006.00;2008;1
Census Block;51;087;2006.00;2009;1
Census Block;51;087;2006.00;2010;1
Census Block;51;087;2006.00;2011;1
Census Block;51;087;2006.00;2012;1
Census Block;51;087;2006.00;2013;1
Census Block;51;087;2006.00;2014;1
Census Block;51;087;2006.00;2015;1
Census Block;51;087;2006.00;2016;1
Census Block;51;087;2006.00;2017;1
Census Block;51;087;2006.00;2018;1
Census Block;51;087;2006.00;3000;1
Census Block;51;087;2006.00;3001;1
Census Block;51;087;2006.00;3002;1
Census Block;51;087;2006.00;3003;1
Census Block;51;087;2006.00;3004;1
Census Block;51;087;2006.00;3005;1
Census Block;51;087;2006.00;3006;1
Census Block;51;087;2006.00;3007;1
Census Block;51;087;2006.00;3008;1
Census Block;51;087;2006.00;3009;1
Census Block;51;087;2006.00;3010;1
Census Block;51;087;2006.00;3011;1
Census Block;51;087;2006.00;3012;1
Census Block;51;087;2006.00;3013;1
Census Block;51;087;2006.00;3014;1
Census Block;51;087;2006.00;3015;1
Census Block;51;087;2006.00;3016;1
Census Block;51;087;2006.00;3017;1
Census Block;51;087;2006.00;3018;1
Census Block;51;087;2006.00;3019;1
Census Block;51;087;2006.00;3020;1
Census Block;51;087;2006.00;3021;1
Census Block;51;087;2006.00;3022;1
Census Block;51;087;2006.00;3023;1
Census Block;51;087;2006.00;4000;1
Census Block;51;087;2006.00;4001;1
Census Block;51;087;2006.00;4002;1
Census Block;51;087;2006.00;4003;1
Census Block;51;087;2006.00;4004;1
Census Block;51;087;2006.00;4005;1
Census Block;51;087;2006.00;4006;1
Census Block;51;087;2006.00;4007;1
Census Block;51;087;2006.00;4008;1
Census Block;51;087;2006.00;4009;1
Census Block;51;087;2006.00;4010;1
Census Block;51;087;2006.00;4011;1
Census Block;51;087;2006.00;4012;1
Census Block;51;087;2006.00;4013;1
Census Block;51;087;2006.00;4014;1
Census Block;51;087;2006.00;4015;1
Census Block;51;087;2006.00;4016;1
Census Block;51;087;2006.00;4017;1
Census Block;51;087;2006.00;4018;1
Census Block;51;087;2006.00;4019;1
Census Block;51;087;2006.00;4020;1
Census Block;51;087;2006.00;4021;1
Census Block;51;087;2006.00;4022;1
Census Block;51;087;2006.00;4023;1
Census Block;51;087;2006.00;4024;1
Census Block;51;087;2007.00;1000;1
Census Block;51;087;2007.00;1001;1
Census Block;51;087;2007.00;1002;1
Census Block;51;087;2007.00;1003;1
Census Block;51;087;2007.00;1004;1
Census Block;51;087;2007.00;1005;1
Census Block;51;087;2007.00;1006;1
Census Block;51;087;2007.00;1007;1
Census Block;51;087;2007.00;1008;1
Census Block;51;087;2007.00;1009;1
Census Block;51;087;2007.00;1010;1
Census Block;51;087;2007.00;1011;1
Census Block;51;087;2007.00;1012;1
Census Block;51;087;2007.00;1013;1
Census Block;51;087;2007.00;1014;1
Census Block;51;087;2007.00;1015;1
Census Block;51;087;2007.00;1016;1
Census Block;51;087;2007.00;1017;1
Census Block;51;087;2007.00;1018;1
Census Block;51;087;2007.00;1019;1
Census Block;51;087;2007.00;1020;1
Census Block;51;087;2007.00;1021;1
Census Block;51;087;2007.00;1022;1
Census Block;51;087;2007.00;1023;1
Census Block;51;087;2007.00;1024;1
Census Block;51;087;2007.00;1025;1
Census Block;51;087;2007.00;1026;1
Census Block;51;087;2007.00;1027;1
Census Block;51;087;2007.00;1028;1
Census Block;51;087;2007.00;1029;1
Census Block;51;087;2007.00;1030;1
Census Block;51;087;2007.00;1031;1
Census Block;51;087;2007.00;1032;1
Census Block;51;087;2007.00;1033;1
Census Block;51;087;2007.00;1034;1
Census Block;51;087;2007.00;1035;1
Census Block;51;087;2007.00;1036;1
Census Block;51;087;2007.00;1037;1
Census Block;51;087;2007.00;1038;1
Census Block;51;087;2007.00;1039;1
Census Block;51;087;2007.00;1040;1
Census Block;51;087;2007.00;1041;1
Census Block;51;087;2007.00;1042;1
Census Block;51;087;2007.00;2005;1
Census Block;51;087;2007.00;2006;1
Census Block;51;087;2007.00;2007;1
Census Block;51;087;2007.00;2008;1
Census Block;51;087;2007.00;2009;1
Census Block;51;087;2007.00;2010;1
Census Block;51;087;2007.00;2011;1
Census Block;51;087;2007.00;2012;1
Census Block;51;087;2007.00;2013;1
Census Block;51;087;2007.00;2024;1
Census Block;51;087;2007.00;2025;1
Census Block;51;087;2007.00;2026;1
Census Block;51;087;2007.00;2027;1
Census Block;51;087;2007.00;2028;1
Census Block;51;087;2007.00;2029;1
Census Block;51;087;2007.00;2030;1
Census Block;51;087;2007.00;2031;1
Census Block;51;087;2007.00;2032;1
Census Block;51;087;2007.00;2033;1
Census Block;51;087;2007.00;2034;1
Census Block;51;087;2007.00;2035;1
Census Block;51;087;2007.00;3000;1
Census Block;51;087;2007.00;3001;1
Census Block;51;087;2007.00;3002;1
Census Block;51;087;2007.00;3003;1
Census Block;51;087;2007.00;3004;1
Census Block;51;087;2007.00;3005;1
Census Block;51;087;2007.00;3006;1
Census Block;51;087;2007.00;3007;1
Census Block;51;087;2007.00;3008;1
Census Block;51;087;2007.00;3009;1
Census Block;51;087;2007.00;3010;1
Census Block;51;087;2007.00;3011;1
Census Block;51;087;2007.00;3012;1
Census Block;51;087;2007.00;3013;1
Census Block;51;087;2007.00;3014;1
Census Block;51;087;2007.00;3015;1
Census Block;51;087;2007.00;3016;1
Census Block;51;087;2007.00;3017;1
Census Block;51;087;2007.00;3018;1
Census Block;51;087;2007.00;3019;1
Census Block;51;087;2007.00;3020;1
Census Block;51;087;2007.00;3021;1
Census Block;51;087;2007.00;3022;1
Census Block;51;087;2007.00;3023;1
Census Block;51;087;2008.01;1029;1
Census Block;51;087;2008.01;1030;1
Census Block;51;087;2008.01;1031;1
Census Block;51;087;2008.01;1032;1
Census Block;51;087;2008.01;1033;1
Census Block;51;087;2008.01;1034;1
Census Block;51;087;2008.01;1035;1
Census Block;51;087;2008.01;1036;1
Census Block;51;087;2008.01;1037;1
Census Block;51;087;2008.01;1038;1
Census Block;51;087;2008.01;1039;1
Census Block;51;087;2008.01;1040;1
Census Block;51;087;2008.01;1041;1
Census Block;51;087;2008.01;1042;1
Census Block;51;087;2008.01;1043;1
Census Block;51;087;2008.01;1044;1
Census Block;51;087;2008.01;1045;1
Census Block;51;087;2008.01;1050;1
Census Block;51;087;2008.01;1051;1
Census Block;51;087;2008.01;2023;1
Census Block;51;087;2008.01;2024;1
Census Block;51;087;2008.01;2025;1
Census Block;51;087;2008.01;2026;1
Census Block;51;087;2008.01;2027;1
Census Block;51;087;2008.01;2028;1
Census Block;51;087;2008.01;2030;1
Census Block;51;087;2008.01;2031;1
Census Block;51;087;2008.01;2032;1
Census Block;51;087;2008.01;2033;1
Census Block;51;087;2008.01;2034;1
Census Block;51;087;2008.01;2035;1
Census Block;51;087;2008.01;2036;1
Census Block;51;087;2008.01;2037;1
Census Block;51;087;2008.01;2038;1
Census Block;51;087;2008.01;2039;1
Census Block;51;087;2008.01;2041;1
Census Block;51;087;2008.01;2042;1
Census Block;51;087;2008.01;2043;1
