TYPE;STATE;COUNTY;TRACT;BLOCK;SHEETS
Census Block;51;107;6105.07;1001;1
Census Block;51;107;6105.07;2018;1
Census Block;51;107;6105.07;2019;1
Census Block;51;107;6105.07;2020;1
Census Block;51;107;6105.07;3017;1
Census Block;51;107;6105.07;3018;1
Census Block;51;107;6105.07;3019;1
Census Block;51;107;6105.07;3020;1
Census Block;51;107;6105.07;3021;1
Census Block;51;107;6105.07;3022;1
Census Block;51;107;6105.07;3023;1
Census Block;51;107;6105.07;3026;1
Census Block;51;107;6105.07;3027;1
Census Block;51;107;6110.02;1003;1
Census Block;51;107;6110.02;1004;1
Census Block;51;107;6110.02;1005;1
Census Block;51;107;6110.02;1006;1
Census Block;51;107;6110.02;1007;1
Census Block;51;107;6110.02;1008;1
Census Block;51;107;6110.02;1009;1
Census Block;51;107;6110.02;1023;1
Census Block;51;107;6110.02;1024;1
Census Block;51;107;6110.02;1025;1
Census Block;51;107;6110.02;1026;1
Census Block;51;107;6110.02;1027;1
Census Block;51;107;6110.02;1028;1
Census Block;51;107;6110.02;1029;1
Census Block;51;107;6110.02;1030;1
Census Block;51;107;6110.02;1031;1
Census Block;51;107;6110.02;1034;1
Census Block;51;107;6110.02;1035;1
Census Block;51;107;6110.09;1000;1
Census Block;51;107;6110.09;1001;1
Census Block;51;107;6110.09;1002;1
Census Block;51;107;6110.09;1003;1
Census Block;51;107;6110.09;1004;1
Census Block;51;107;6110.09;1005;1
Census Block;51;107;6110.09;1006;1
Census Block;51;107;6110.09;1007;1
Census Block;51;107;6110.09;2000;1
Census Block;51;107;6110.09;2001;1
Census Block;51;107;6110.09;2002;1
Census Block;51;107;6110.09;2003;1
Census Block;51;107;6110.09;2004;1
Census Block;51;107;6110.09;2005;1
Census Block;51;107;6110.09;2006;1
Census Block;51;107;6110.09;2007;1
Census Block;51;107;6110.09;2008;1
Census Block;51;107;6110.09;2009;1
Census Block;51;107;6110.09;2010;1
Census Block;51;107;6110.09;2011;1
Census Block;51;107;6110.09;2012;1
Census Block;51;107;6110.09;2013;1
Census Block;51;107;6110.09;2014;1
Census Block;51;107;6110.09;2015;1
Census Block;51;107;6110.09;2016;1
Census Block;51;107;6110.09;2017;1
Census Block;51;107;6110.09;2018;1
Census Block;51;107;6110.09;2019;1
Census Block;51;107;6110.09;2020;1
Census Block;51;107;6110.09;3000;1
Census Block;51;107;6110.09;3001;1
Census Block;51;107;6110.09;3002;1
Census Block;51;107;6110.09;3003;1
Census Block;51;107;6110.09;3004;1
Census Block;51;107;6110.09;3005;1
Census Block;51;107;6110.09;3006;1
Census Block;51;107;6110.09;3007;1
Census Block;51;107;6110.09;3008;1
Census Block;51;107;6110.09;3009;1
Census Block;51;107;6110.09;3010;1
Census Block;51;107;6110.09;3011;1
Census Block;51;107;6110.09;3012;1
Census Block;51;107;6110.09;3013;1
Census Block;51;107;6110.09;3014;1
Census Block;51;107;6110.09;3015;1
Census Block;51;107;6110.09;3016;1
Census Block;51;107;6110.09;3017;1
Census Block;51;107;6110.09;3018;1
Census Block;51;107;6110.09;3019;1
Census Block;51;107;6110.09;3020;1
Census Block;51;107;6110.09;3021;1
Census Block;51;107;6110.09;3022;1
Census Block;51;107;6110.09;3023;1
Census Block;51;107;6110.10;1000;1
Census Block;51;107;6110.10;1001;1
Census Block;51;107;6110.10;1002;1
Census Block;51;107;6110.10;1003;1
Census Block;51;107;6110.10;1004;1
Census Block;51;107;6110.10;1005;1
Census Block;51;107;6110.10;1006;1
Census Block;51;107;6110.10;1007;1
Census Block;51;107;6110.10;1008;1
Census Block;51;107;6110.10;1009;1
Census Block;51;107;6110.10;1010;1
Census Block;51;107;6110.11;1000;1
Census Block;51;107;6110.11;1001;1
Census Block;51;107;6110.11;1002;1
Census Block;51;107;6110.11;1003;1
Census Block;51;107;6110.11;1004;1
Census Block;51;107;6110.11;1005;1
Census Block;51;107;6110.11;1006;1
Census Block;51;107;6110.11;1007;1
Census Block;51;107;6110.11;1008;1
Census Block;51;107;6110.11;1011;1
Census Block;51;107;6110.11;1012;1
Census Block;51;107;6110.11;1013;1
Census Block;51;107;6110.11;1014;1
Census Block;51;107;6110.11;1015;1
Census Block;51;107;6110.11;1016;1
Census Block;51;107;6110.11;1017;1
Census Block;51;107;6110.11;1018;1
Census Block;51;107;6110.11;1019;1
Census Block;51;107;6110.11;1020;1
Census Block;51;107;6110.11;1021;1
Census Block;51;107;6110.11;1022;1
Census Block;51;107;6110.11;1023;1
Census Block;51;107;6110.11;1024;1
Census Block;51;107;6110.11;1025;1
Census Block;51;107;6110.11;1026;1
Census Block;51;107;6110.11;1027;1
Census Block;51;107;6110.11;1028;1
Census Block;51;107;6110.11;1029;1
Census Block;51;107;6110.11;1030;1
Census Block;51;107;6110.11;1031;1
Census Block;51;107;6110.11;1032;1
Census Block;51;107;6110.11;1033;1
Census Block;51;107;6110.11;1034;1
Census Block;51;107;6110.11;1035;1
Census Block;51;107;6110.11;1036;1
Census Block;51;107;6110.11;1037;1
Census Block;51;107;6110.11;1038;1
Census Block;51;107;6110.11;1039;1
Census Block;51;107;6110.11;1042;1
Census Block;51;107;6110.11;1043;1
Census Block;51;107;6110.11;1044;1
Census Block;51;107;6110.11;1045;1
Census Block;51;107;6110.11;1046;1
Census Block;51;107;6110.11;1047;1
Census Block;51;107;6110.11;1048;1
Census Block;51;107;6110.11;1049;1
Census Block;51;107;6110.11;2000;1
Census Block;51;107;6110.11;2001;1
Census Block;51;107;6110.11;2002;1
Census Block;51;107;6110.11;2003;1
Census Block;51;107;6110.11;2004;1
Census Block;51;107;6110.11;2005;1
Census Block;51;107;6110.11;2006;1
Census Block;51;107;6110.11;2007;1
Census Block;51;107;6110.11;2008;1
Census Block;51;107;6110.11;2009;1
Census Block;51;107;6110.11;2010;1
Census Block;51;107;6110.11;2014;1
Census Block;51;107;6110.11;2015;1
Census Block;51;107;6110.11;2016;1
Census Block;51;107;6110.11;2017;1
Census Block;51;107;6110.11;2018;1
